,application_hour,application_day_of_week,account_open_year,num_login_sessions,num_customer_service_calls,has_mobile_app,paperless_billing,age,annual_income,employment_length,num_dependents,monthly_income,existing_monthly_debt,monthly_payment,debt_to_income_ratio,debt_service_ratio,payment_to_income_ratio,credit_utilization,revolving_balance,available_credit,annual_debt_payment,loan_to_annual_income,total_debt_amount,credit_score,num_credit_accounts,oldest_credit_line_age,oldest_account_age_months,total_credit_limit,num_delinquencies_2yrs,num_inquiries_6mo,recent_inquiry_count,num_public_records,num_collections,account_diversity_index,loan_amount,loan_term,interest_rate,loan_to_value_ratio,regional_unemployment_rate,regional_median_income,regional_median_rent,housing_price_index,cost_of_living_index,previous_zip_code,total_debt_to_income,revolving_to_income,payment_burden,logins_per_year,service_calls_per_year,account_age_years,debt_service_coverage,available_credit_after_loan,income_vs_regional,income_per_dependent,combined_risk_score,credit_capacity,referral_code_freq,credit_usage_amount_freq,total_monthly_debt_payment_freq,monthly_free_cash_flow_freq,loan_type_freq,marketing_campaign_freq
application_hour,1.0,0.0002827650224978345,0.004348148137759248,0.0005881126193875067,0.0032549401194029185,0.005705758117258619,0.006384425633540138,0.00047282264997616953,0.003957307156980156,0.006941655030076945,0.0016623606313467673,0.003957248523312235,0.002205927465465131,0.0038828402821065194,0.0015465373627742533,0.005489805833075998,0.006131394207101062,0.0014710386069429243,0.0044176689388332946,0.0051108375057972,0.0017748932771719595,0.0050038478210476505,0.0016630910009355802,0.004542642470988835,0.0016530697059650098,0.0038075183974895857,0.0038075183974895814,0.005663765423694907,0.0010700514492559849,0.007345872719087333,0.007345872719087333,0.0015926653349854578,0.0015050529764111488,0.0038151308743692765,0.0027489545468037664,0.00210329052551481,0.0011515635424662561,0.002818137337220858,0.00800051399615847,0.004698695751653583,0.0012945829628935941,0.0019985578257198894,0.0020517988986605176,0.0030313930018000647,0.0046445921424841585,0.003457361449582788,0.006126693312541983,0.002659971896524012,0.00222501828784838,0.004348148137770729,0.0004993163909341248,0.004127931251107484,0.002305782803055335,0.002538779044627362,0.0008860993115717414,0.005679624366447021,0.0010572903464869368,0.0041953345805763945,0.0026572756466046767,0.0009253403140447159,0.00045509102037073827,0.0019928368264930576
application_day_of_week,0.0002827650224978345,1.0,0.0020089051832802105,0.004910450747560247,0.00293522095600859,0.0022031975266430274,0.0009214614851521817,0.0021791113352938154,0.0008602618205762873,0.006045171607000995,0.001160957538109207,0.0008604583415024796,0.002241113264315799,0.0069984743705326,0.000500392387260364,0.005348452336899163,0.005689874959761482,0.0004888787012662133,0.0008873870674598155,0.0021487800977690995,0.004264752660130144,0.002859104474348475,0.0036302405977194584,0.00026484473169887193,0.001004900987940339,5.514295689346516e-05,5.51429568934977e-05,0.0019508223687572613,0.007362623023045352,0.0002591058257750063,0.0002591058257750063,0.00033970336510095973,0.0031986924042910684,0.0016950091198749226,0.003967788110615817,0.0019549261473766925,0.002374903253686313,0.0015042613767795704,0.007041499665632645,0.004138292701487282,0.00246766338310442,0.00469542135050796,0.003681888419887817,0.0006355739207896374,0.002672310365260411,0.0017171309028806106,0.005692012461844167,0.004311317414249624,0.0015934253897281244,0.002008905183275369,0.0009102094548280477,0.004417689163266336,0.00034057995327674306,0.0005376279264158592,0.001565563625612227,0.0018930024424586385,0.00013340918859363707,0.007780549589774726,0.0003493797785549949,0.004118159233174941,0.006021543239440515,0.002282667933604177
account_open_year,0.004348148137759248,0.0020089051832802105,1.0,0.00016748666688015562,0.003362102616250758,0.005497657253842404,0.001665651338644538,0.0017171236049373245,0.0054107536570740696,0.0003832250654860596,1.3169544597013902e-05,0.005410491343765567,0.004798592617531039,0.0013310200707975478,0.0006268613012258473,0.0005340104627026517,0.0003861542964151322,0.0003952403133960349,0.002685343445339296,0.0021372049647480017,0.004020504766290596,0.00011894073925236952,0.0013293887745884521,0.003962098697326706,0.0005029298916323645,0.001082392958653558,0.0010823929586535567,0.0028883738014335307,0.007031345285409614,0.0015778599658583265,0.0015778599658583265,0.005062274579679996,0.0017765651149587397,0.0007724615000918775,0.0006901682213340365,0.0011017982436171295,1.8503125029433078e-05,0.002840777286973489,0.00025043706447183813,0.0011192913534067168,0.000680409611977105,0.004828015852133837,0.006153354455460673,0.0016914909542371356,5.937692651943749e-05,0.001501177370854992,0.0003823971588755115,0.682852331409391,0.5397637195632811,0.9999999999999908,0.0007766654954227433,2.855532909412975e-05,0.004125131578240883,0.006129975215965461,0.0016814942102588507,0.002802640402871205,0.00151740405486748,0.001712888388257258,0.0017176400132904437,0.004375832149357401,0.002861564471799837,0.004709333937582858
num_login_sessions,0.0005881126193875067,0.004910450747560247,0.00016748666688015562,1.0,0.004592275548166309,0.1683195304778547,0.017386593514657354,0.6784591423106796,0.11815562886313088,0.09878522030224035,0.03556370092998992,0.11815390604977684,0.08733003782919789,0.01807094517685392,0.00028992347743713197,0.07108438011664059,0.0737277504704741,0.04334999661115334,0.07563061606516028,0.10659222650666889,0.03907664814111272,0.03797898527013421,0.021195928567471628,0.3010988279987419,0.23223962429201486,0.23095349717181757,0.23095349717181968,0.10965136129860598,0.012187235972828211,0.00416556661753422,0.00416556661753422,0.012599590809247023,0.0011676923962225842,0.25547525615330624,0.003993944493003451,0.00680167019964803,0.06423161326182267,0.006247056428244479,0.0033180359712181653,0.006015054629663595,0.0008719755562911223,0.006247757076002139,0.00559798549131177,0.0033422599777295143,0.03763800145745723,0.0017810384234841722,0.07370893444704768,0.48540538667274413,0.002594868530671592,0.0001674866669723571,0.04762499834594711,0.02759844960237841,0.11226944687268414,0.06665888059855915,0.03743834672110398,0.11003343646427163,0.0027649272817331784,0.014253086068506626,0.0025125444444038052,0.008651993041269571,0.001666120417324108,0.0004143344198847616
num_customer_service_calls,0.0032549401194029185,0.00293522095600859,0.003362102616250758,0.004592275548166309,1.0,0.0025369342353707505,0.004131988830710838,0.0011266366355502037,0.0032531763829771643,0.0035319235758168206,0.004090257126560912,0.0032530236217114465,0.0005282660301901651,0.0028308754808936943,0.0069983906768212815,0.0067577063982622405,0.005087673110836957,0.007078732392222744,0.0054669539934663084,0.0047544751622547584,0.0026064254073967495,0.004880801868642168,0.004693816251124756,0.00140270308636043,0.001703390517105578,0.0021330373795696257,0.002133037379569689,0.0005597103690420559,0.0015732409807911593,0.0017610151563530164,0.0017610151563530164,0.005599125076026308,0.001184987233235483,0.0014526357099032248,0.003612122818614873,0.0059922961358167305,0.0035148186354400928,0.005629207815210687,0.0009785252493062257,0.0024798835416756687,0.002650135254337769,0.00045864285708920575,0.00025733348818335257,0.006992418203460287,0.005624969538034727,0.007973655627107324,0.005081603987180407,0.0022806375200610106,0.6317540852464116,0.003362102616258995,0.0035236437441779995,0.00484623109481272,0.0026776681295475353,0.0032273761283863546,0.32701135148010035,0.00039720463286307327,0.0032672000948926003,0.00341721007503433,0.0030558659770359396,0.0076506668315755,0.002068364587152884,0.0017795895750342848
has_mobile_app,0.005705758117258619,0.0022031975266430274,0.005497657253842404,0.1683195304778547,0.0025369342353707505,1.0,0.006807537258454962,0.2439223276240755,0.04515759684642447,0.03361566905845645,0.011532399913725318,0.04515705848565933,0.03178027818277175,0.005950221640626216,0.001384720341583553,0.026896027466262226,0.027542872633309512,0.006611573599609722,0.03245531998712012,0.03716108557804483,0.014724976784746937,0.014762928391293766,0.00951801366783615,0.10711556574752602,0.0827216977657564,0.08080503808252248,0.08080503808252328,0.04147293860728836,0.004301490066742193,0.0029346941989410965,0.0029346941989410965,0.012595644598914869,0.0011939840365930475,0.09035552864129269,0.0020782024594070215,0.0027509781207578983,0.023217509023319757,0.0035920480603498827,0.0044961668598973445,0.008772574111677178,0.007642913924268728,0.008701710040144712,0.0095487187559223,0.002283760939137524,0.013684389964400393,0.009143272801959012,0.027537437406029715,0.08554414763822318,0.00253755160349629,0.005497657253806281,0.012722325985946241,0.008967478668194586,0.04504140932718411,0.025510777736956095,0.006904706062806901,0.04146732409765248,0.0049594563614976895,0.0012235787578303212,0.0008280811332091751,0.004290245004246736,0.004119411573004608,0.00212772640522712
paperless_billing,0.006384425633540138,0.0009214614851521817,0.001665651338644538,0.017386593514657354,0.004131988830710838,0.006807537258454962,1.0,0.02062724710626105,0.11775039482457854,0.010664137877370045,0.002553110517684469,0.11775007339020761,0.08615328584927855,0.006912630223955455,0.001235425860189313,0.05280895884426241,0.054494000033896706,0.017577133308389496,0.07319055278539965,0.08834648430084395,0.04734839012769504,0.0359900378732725,0.016871520834175584,0.12693007470935747,0.013979281475706293,0.021748116232695004,0.02174811623269504,0.09647821902549308,0.003008958375004541,0.007996823533205346,0.007996823533205346,0.003862595796722415,0.00285820121504225,0.01699884935623105,6.981323846174664e-06,0.00025718862984788044,0.02397824452657583,0.0010145290541761585,0.001620304979192394,0.004478449995640766,0.007745660286139337,0.0004948739980516397,0.001235830785962874,0.0002921710440052051,0.03616464050762667,0.003503657603318917,0.05448022817820684,0.004624666427984182,0.005618103650330468,0.0016656513386704842,0.04530145234207625,0.02602507918016458,0.1130041804586724,0.08500412312828175,0.01641126288041525,0.09655921076527216,0.0035102629258608334,0.016190583110188433,0.00828343964913027,0.00500232425050404,0.0007000030007691092,0.0021551707441645205
age,0.00047282264997616953,0.0021791113352938154,0.0017171236049373245,0.6784591423106796,0.0011266366355502037,0.2439223276240755,0.02062724710626105,1.0,0.17775189192496418,0.14376553989092491,0.05307456664936435,0.17774977299762704,0.13263511685251836,0.027329720512884483,0.0008328743649122453,0.10776680556585565,0.11212106205950219,0.06039860031633439,0.1134884843567489,0.15569643365231928,0.05944239510774182,0.06187820075675705,0.029475959473832625,0.4436755786282243,0.34223842505251445,0.3367692915407917,0.33676929154079555,0.1619734743352191,0.01857548509069678,0.005510396393253915,0.005510396393253915,0.020038322639242136,0.0001430883563985485,0.37161121710151834,0.0034724974309724033,0.004651801230650907,0.09163780554482273,0.005970410996328789,0.00254420485286634,0.002828707380390695,0.0002558202779543239,0.001936780215086309,0.0009202066239405486,0.006289020091296305,0.061289237015603716,0.0025830973373481983,0.11209910311751031,0.3316322332845754,0.0020590439129305063,0.0017171236047999496,0.06990856108301698,0.04256461700955853,0.17065892809188166,0.10117027722414851,0.04992224729901958,0.16226224810455941,0.003648720312686647,0.01759684528886546,0.0033609959340527855,0.007552810339956537,0.0026773037048177743,0.0035632291332370635
annual_income,0.003957307156980156,0.0008602618205762873,0.0054107536570740696,0.11815562886313088,0.0032531763829771643,0.04515759684642447,0.11775039482457854,0.17775189192496418,1.0,0.06839964587021503,0.021917120055812173,0.9999999976531334,0.7361655284409666,0.04109071145796006,0.00015306124305131143,0.3371374709615114,0.3500903803840345,0.06300391804803147,0.6288387727061681,0.7115930022317596,0.4190748145086992,0.2495089271139125,0.1372734771678855,0.46260203835360614,0.059123559312341964,0.1285288317932556,0.12852883179325528,0.7991920187166397,0.016865852831455374,0.0008932967861071355,0.0008932967861071355,0.014658317641044773,0.0003507014381747207,0.1010149377850781,0.008746510565657237,0.002057884273552934,0.09128477767685239,0.001998782554736912,0.00017509269436098536,0.004143614553419397,0.004045222183182479,0.004773667335448545,0.005941204977117763,0.001091106565983361,0.2475379335902644,0.001077785065124873,0.35004581345710933,0.05768889030724273,0.0018590742400234675,0.005410753656941219,0.30876705940754107,0.2180170370568607,0.9612270483506921,0.691647022605743,0.05306250724699181,0.7978059253033299,0.0002688332364872502,0.10244495643919073,0.05296499838454445,0.052096429364290806,0.0008437740807170396,0.003858264893565163
employment_length,0.006941655030076945,0.006045171607000995,0.0003832250654860596,0.09878522030224035,0.0035319235758168206,0.03361566905845645,0.010664137877370045,0.14376553989092491,0.06839964587021503,1.0,0.017921051485103756,0.06839830020708543,0.05067814006085092,0.007973255650985722,0.0012700112542199668,0.04476356982052886,0.0461250719421393,0.017349803907346584,0.03719586490272387,0.05422297857421473,0.024702447796112175,0.029639942161635974,0.007749738264917045,0.0933721275977603,0.05387431601560253,0.1153214843528027,0.11532148435280246,0.05525120500946276,0.004208312891518617,0.003078382901241493,0.003078382901241493,0.0012642318040363366,0.00229803568299264,0.09156568451544352,0.00083952087523496,0.0006002521632361873,0.013408677180934941,0.0004498081638138929,0.0025225361186959443,0.007111110315859862,0.009484968741909993,0.003163729813960986,0.003148213043811984,0.0036133048479245603,0.029902078367366653,0.004888345657723839,0.04611248761986136,0.044919328333635926,0.00021882352616512516,0.0003832250654444284,0.030102524651618424,0.01677782320692103,0.06793469508042478,0.04157670799632722,0.016048240931471437,0.055321882141974116,0.0019059922735131369,0.005262582425934773,0.0037398323045716515,0.01002583006358121,0.011541384835641582,0.0015557818127158397
num_dependents,0.0016623606313467673,0.001160957538109207,1.3169544597013902e-05,0.03556370092998992,0.004090257126560912,0.011532399913725318,0.002553110517684469,0.05307456664936435,0.021917120055812173,0.017921051485103756,1.0,0.021916978265929733,0.018590659593542343,0.002322515898488358,0.002910236478463188,0.009681416584221123,0.010860865817480045,0.0029043862084324533,0.012107824296745298,0.01368563740131523,0.01329166072432272,0.005205093913831464,0.008198664851141175,0.02930584563857478,0.020498541297531057,0.036709382844204226,0.03670938284420453,0.015040358686064756,1.0897825841832459e-05,0.00367763731558617,0.00367763731558617,0.0037566683532037288,8.847666572128853e-05,0.02917858017098442,0.00569481928627192,0.0032831271617915544,0.010202390924804019,0.0037423562386533003,0.00301251645821748,0.0020136873037616583,0.000760089450224471,0.0006413735570748706,0.0017676030125830429,0.002376385005991557,0.005143580936087619,0.000388807561830923,0.01085222655988059,0.015768918340653866,0.001758067640333583,1.3169544568725361e-05,0.008022328353193399,0.0013992681937530064,0.021199233575325504,0.549687373334629,0.00022497526664414427,0.0153507336430977,0.004348775311850362,0.0009713970125956613,0.0018915182103206641,0.009124946472600332,0.0026948400948642644,0.0005337387574402975
monthly_income,0.003957248523312235,0.0008604583415024796,0.005410491343765567,0.11815390604977684,0.0032530236217114465,0.04515705848565933,0.11775007339020761,0.17774977299762704,0.9999999976531334,0.06839830020708543,0.021916978265929733,1.0,0.736165325612742,0.04109047170376268,0.00015267192100436362,0.33713545724897376,0.35008818414364734,0.06300366257480483,0.6288385134315911,0.7115930777602522,0.41907488318208325,0.2495074456291348,0.13727346829157186,0.462600466875796,0.05912217978831999,0.12852723844241187,0.12852723844241187,0.7991919235336633,0.01686579159512078,0.0008931388818474068,0.0008931388818474068,0.01465822512650696,0.00035082195225850623,0.10101337715617154,0.008746452333386997,0.0020579206096823853,0.09128450771379865,0.001998732646573758,0.0001755293364702804,0.004143663114094888,0.004045303894909342,0.004773634425579168,0.0059412084762958265,0.0010908401752287241,0.24753649455161356,0.0010780772686383978,0.35004362178807674,0.05768805464537841,0.0018591152940134025,0.005410491343632761,0.30876653467728904,0.21801700376883612,0.961227053146729,0.691646724104098,0.05306242481547795,0.7978058436330155,0.0002690545837146815,0.1024443335011662,0.05296481816053549,0.05209667801146834,0.0008436869638076728,0.0038583240758693622
existing_monthly_debt,0.002205927465465131,0.002241113264315799,0.004798592617531039,0.08733003782919789,0.0005282660301901651,0.03178027818277175,0.08615328584927855,0.13263511685251836,0.7361655284409666,0.05067814006085092,0.018590659593542343,0.736165325612742,1.0,0.027358149356821154,0.5901200799596291,0.0907319463189171,0.25730854024739613,0.04689714887642926,0.462021570296433,0.5230973998106834,0.5922075881235465,0.18232915541256595,0.10402188373898376,0.34408233927743836,0.043340577156222033,0.09286030251318068,0.09286030251318081,0.5874960271300954,0.012841622013121591,0.0036332875581847842,0.0036332875581847842,0.010013795333552948,0.0034456343172316363,0.07183266523223983,0.003235341825995579,0.0026869842666440978,0.06932185794304946,0.0029016663203124417,0.0002853935065720178,0.002887765201613164,0.002460080332292545,2.970710464064084e-05,0.0010019751694651318,0.0012932812501482618,0.18077501811788874,0.0001327974728692914,0.2572785754245204,0.043143230263133846,0.00234014433839578,0.004798592617434438,0.12823796928411701,0.1572192136293366,0.7065949887606686,0.5050060664195435,0.23027348005306736,0.5863494023605886,0.0012404123274449143,0.07261343219950003,0.0779743634374641,0.02800590140738927,0.0026788622437386787,0.004141019048157458
monthly_payment,0.0038828402821065194,0.0069984743705326,0.0013310200707975478,0.01807094517685392,0.0028308754808936943,0.005950221640626216,0.006912630223955455,0.027329720512884483,0.04109071145796006,0.007973255650985722,0.002322515898488358,0.04109047170376268,0.027358149356821154,1.0,0.0036160991663667474,0.8139902086812895,0.8441716084977138,0.013511208774769228,0.02293732594617762,0.034794280341315806,0.7892821257593335,0.8254730512555362,0.88736895415036,0.07152118070144009,0.011929332597028108,0.005579195554247104,0.005579195554246742,0.0350046877156413,0.00017711689572042088,0.003830519469656179,0.003830519469656179,0.0006157120321381292,0.004410582071266041,0.010205003319190168,0.9170495167425984,0.662316597627753,0.6123581133949906,0.7146886484840422,0.010438431654722804,0.0021254962224959207,0.00248392804018102,7.56677655309952e-05,0.00016066378591352639,0.00021898040916102764,0.8212561552389203,0.0011904430311047742,0.8442586914734335,0.004835866881488231,0.0025962253414305745,0.001331020070932385,0.5616534878526294,0.8849489195468083,0.04103113032685925,0.03081156858697354,0.013720182003729557,0.0350244762873532,0.00397900970414362,0.007716194073190761,0.10000436479441542,0.0328734837222285,0.17146894269152285,0.0005781261152442075
debt_to_income_ratio,0.0015465373627742533,0.000500392387260364,0.0006268613012258473,0.00028992347743713197,0.0069983906768212815,0.001384720341583553,0.001235425860189313,0.0008328743649122453,0.00015306124305131143,0.0012700112542199668,0.002910236478463188,0.00015267192100436362,0.5901200799596291,0.0036160991663667474,1.0,0.2691250096515536,0.0030406498374678107,0.0023527607632764323,0.0011484310402335887,0.00020037863647447517,0.3654024297171149,0.0056736264582856535,0.005208500663049592,0.004179991609001892,0.0026752133967953787,0.0023163518082527823,0.0023163518082527676,0.0005142754179092459,0.001275221728075657,0.0033005088373582138,0.0033005088373582138,0.0012836231241220013,0.007512050438781031,0.004235966253574458,0.005051050206996502,0.0006528593718375157,0.004164189667364119,0.0004473916697361228,0.0009488723516339456,0.002591678941908336,0.001511082883464587,0.006634976464434468,0.006140669150034318,0.0017729908439883006,0.006102854456542771,0.004411193011825123,0.0030368865874478863,0.0007717069502880695,0.0027367232749376754,0.0006268613012417315,0.5044284450484625,0.004876815672264608,0.00021017948219666368,0.003364669309110894,0.45981478575361806,0.0004516762089819859,0.0028471089870482575,0.00365096191587723,0.044535426392449375,0.0122682609876933,0.004913525044994203,0.00713961001138361
debt_service_ratio,0.005489805833075998,0.005348452336899163,0.0005340104627026517,0.07108438011664059,0.0067577063982622405,0.026896027466262226,0.05280895884426241,0.10776680556585565,0.3371374709615114,0.04476356982052886,0.009681416584221123,0.33713545724897376,0.0907319463189171,0.8139902086812895,0.2691250096515536,1.0,0.963918816507238,0.033421561675528094,0.21487378169646787,0.24102156682082615,0.6004139921731588,0.8931297183412175,0.6556323265295707,0.2358706202945903,0.03879993737389569,0.07472185752869143,0.07472185752869179,0.27157249293425345,0.007694025760465532,0.003314706159356858,0.003314706159356858,0.00573749484668138,0.0013391624337553785,0.06197649969307396,0.7246780766546426,0.5226542955019727,0.44573271192636765,0.5622699982653121,0.009246711052951828,0.0035095003560270677,0.0023631057900529904,0.0064255352261532285,0.006097811477674147,0.001367867138593858,0.8879513880317991,0.0013332002207762559,0.9639180884325157,0.031609486020971043,0.0036050971248588613,0.0005340104629166832,0.6773144187596875,0.7622278517527318,0.32465860512429945,0.23510943768792292,0.1524101792005703,0.2711825950278204,0.004035776446563211,0.0458641214455605,0.07758718543975891,0.02725132775459839,0.13316772432237223,0.0025986702628219755
payment_to_income_ratio,0.006131394207101062,0.005689874959761482,0.0003861542964151322,0.0737277504704741,0.005087673110836957,0.027542872633309512,0.054494000033896706,0.11212106205950219,0.3500903803840345,0.0461250719421393,0.010860865817480045,0.35008818414364734,0.25730854024739613,0.8441716084977138,0.0030406498374678107,0.963918816507238,1.0,0.03404838176267175,0.22342031502704748,0.2501932552274693,0.5224213856700967,0.9257706979966918,0.6793071932409871,0.24605584484298282,0.03954657532073378,0.07694193571604052,0.07694193571603995,0.282112719592949,0.008347247571619747,0.0025296944916820586,0.0025296944916820586,0.005602163889135114,0.0034649790306468926,0.06317769098847034,0.7510408154597832,0.5424927596285682,0.46165675586008903,0.5836834888833566,0.009344201777521958,0.0029322443806189752,0.00203916990039823,0.0048389411728036,0.0046351403149395695,0.0009326787918629854,0.9202752069157781,0.002605704714964046,0.9999996671566458,0.033030606265132295,0.002991008544836309,0.00038615429663302293,0.5638386723698701,0.7900755412492659,0.337148530950999,0.24318095318188332,0.03115772948511533,0.28169073008707735,0.0034054743847989565,0.046609572765075186,0.06825320570444843,0.0316864996867295,0.13691179503290116,0.004675250183645508
credit_utilization,0.0014710386069429243,0.0004888787012662133,0.0003952403133960349,0.04334999661115334,0.007078732392222744,0.006611573599609722,0.017577133308389496,0.06039860031633439,0.06300391804803147,0.017349803907346584,0.0029043862084324533,0.06300366257480483,0.04689714887642926,0.013511208774769228,0.0023527607632764323,0.033421561675528094,0.03404838176267175,1.0,0.4282876036645737,0.42452611815157676,0.01791586082094972,0.021055654514243367,0.10445280861260599,0.13673321619377554,0.021157751656292047,0.026434138559058327,0.026434138559058067,0.06224112530720732,0.003068564447736279,0.002661898015974415,0.002661898015974415,0.007836631710752683,6.223697400080638e-05,0.029071206775910755,0.004944876543231203,0.009070844341842615,0.018817190953399024,0.006951961660639802,0.0016064489507781085,0.0042349372067092056,0.003793376861186767,0.0050225566267658945,0.00506938563834961,0.005854098783600691,0.09384965074726608,0.6883121171470431,0.03404695350554988,0.022939977226320924,0.0015618457492180592,0.0003952403134669034,0.027487124171718846,0.12980526910048104,0.05987917161524203,0.04412643674211164,0.8302212372589809,0.06600727466986475,0.001851588378299918,0.052907228941770613,1.3432499951632064e-06,0.00044669383065941486,0.004395227791895663,0.002263417244811492
revolving_balance,0.0044176689388332946,0.0008873870674598155,0.002685343445339296,0.07563061606516028,0.0054669539934663084,0.03245531998712012,0.07319055278539965,0.1134884843567489,0.6288387727061681,0.03719586490272387,0.012107824296745298,0.6288385134315911,0.462021570296433,0.02293732594617762,0.0011484310402335887,0.21487378169646787,0.22342031502704748,0.4282876036645737,1.0,0.4245977244845723,0.26531218201406565,0.15825032608264242,0.22741674596440525,0.30137751202981033,0.0375564086799246,0.08327927792038027,0.0832792779203798,0.7918010922303541,0.012834342759585022,0.0013466509914642503,0.0013466509914642503,0.004034471406478244,0.0023288571890343547,0.06187627270094388,0.0013819368908778195,0.003861271504535244,0.06493982476768138,0.0041032564130515205,0.003853816259225399,0.002728911148164334,0.0024478313074460384,0.0037779043690402037,0.004623520081298536,0.004461132398290642,0.08655525878334373,0.6795264860605567,0.2233902187210593,0.033885224227827686,0.001401891362662048,0.002685343445269906,0.19515122651996325,0.12642797900466146,0.603748224369569,0.43789490372567785,0.35641193161478224,0.794830236485223,0.0006646714095064607,0.1466469552161144,0.03389390479914161,0.03291407061319449,0.0006847084048421025,0.00021351454804001605
available_credit,0.0051108375057972,0.0021487800977690995,0.0021372049647480017,0.10659222650666889,0.0047544751622547584,0.03716108557804483,0.08834648430084395,0.15569643365231928,0.7115930022317596,0.05422297857421473,0.01368563740131523,0.7115930777602522,0.5230973998106834,0.034794280341315806,0.00020037863647447517,0.24102156682082615,0.2501932552274693,0.42452611815157676,0.4245977244845723,1.0,0.29327092150776624,0.17556999415246546,0.0924071804773967,0.41792988568889733,0.05124069893038309,0.09798897344051674,0.09798897344051584,0.8863972675851607,0.015738336881688474,0.0023088062353857756,0.0023088062353857756,0.014247264308992043,0.0017630317948265969,0.0807799233899119,0.006072325524053464,0.0013161592788322966,0.0845140138288936,0.0005361359008508576,0.000974056792739846,0.005324747532732055,0.006399295003466438,0.008532357731451027,0.008414200873789435,0.00018132790746007131,0.17622707957909328,0.019533248628119407,0.25016613723844,0.050315535929643336,0.001419949867600222,0.002137204964630447,0.21996606759161205,0.3004469356910551,0.6833164753395402,0.49644203358678823,0.35264304455304313,0.8868978137043504,0.0034246579020472613,0.07872102754215583,0.033976007393925665,0.03729873448048009,0.0007695942628887382,0.0026005598299584523
annual_debt_payment,0.0017748932771719595,0.004264752660130144,0.004020504766290596,0.03907664814111272,0.0026064254073967495,0.014724976784746937,0.04734839012769504,0.05944239510774182,0.4190748145086992,0.024702447796112175,0.01329166072432272,0.41907488318208325,0.5922075881235465,0.7892821257593335,0.3654024297171149,0.6004139921731588,0.5224213856700967,0.01791586082094972,0.26531218201406565,0.29327092150776624,1.0,0.553405603758172,0.779193269218848,0.15370393285661157,0.01700632887195265,0.05254311104927244,0.05254311104927265,0.33265885692455643,0.008030874625315449,0.0053195181056741,0.0053195181056741,0.005654762777440639,0.0014387960317992824,0.035897856848917116,0.7372344974974058,0.5322343966046761,0.5361957015021741,0.5743189636132501,0.008589591726970262,0.0034871757177694605,0.003513393021790205,7.924271936974224e-05,0.0004859648949852244,0.0009709290659100482,0.5509610633945154,0.0010411731030429577,0.5225099883499905,0.022603058076952037,0.003530242473948287,0.004020504766339893,0.5315132022139567,0.6167723864611835,0.4009588234334062,0.2853685402692135,0.15250759802073505,0.3319385791450301,0.003969365103923327,0.03838364844392275,0.12850881688699498,0.04370181608847636,0.13986443270228222,0.0020776449766707304
loan_to_annual_income,0.0050038478210476505,0.002859104474348475,0.00011894073925236952,0.03797898527013421,0.004880801868642168,0.014762928391293766,0.0359900378732725,0.06187820075675705,0.2495089271139125,0.029639942161635974,0.005205093913831464,0.2495074456291348,0.18232915541256595,0.8254730512555362,0.0056736264582856535,0.8931297183412175,0.9257706979966918,0.021055654514243367,0.15825032608264242,0.17556999415246546,0.553405603758172,1.0,0.8086273853319724,0.14565256339690605,0.02262405817066044,0.04846040274938831,0.04846040274938865,0.19873488686766,0.004371461742927691,0.002567578496055959,0.002567578496055959,0.0034914178272997466,0.0013143100568344373,0.03834580201290915,0.868387348590569,0.7133600810561141,0.577035702252922,0.7306053459981204,0.00837786264318468,0.002665969345202498,0.0020537168549114764,0.004048958545895422,0.0034238368645294276,0.001419566722886639,0.994498666376378,3.4078133132120794e-05,0.9257861077502528,0.016118189659057862,0.0021152976460789693,0.00011894073908574616,0.5083092312900687,0.8800144348016261,0.2404674560059651,0.17472067368775612,0.021547985518640518,0.19842194532621427,0.005397248291025163,0.03430976807797858,0.07666009576752576,0.035983894774419725,0.053950079716576366,0.005346867846953626
total_debt_amount,0.0016630910009355802,0.0036302405977194584,0.0013293887745884521,0.021195928567471628,0.004693816251124756,0.00951801366783615,0.016871520834175584,0.029475959473832625,0.1372734771678855,0.007749738264917045,0.008198664851141175,0.13727346829157186,0.10402188373898376,0.88736895415036,0.005208500663049592,0.6556323265295707,0.6793071932409871,0.10445280861260599,0.22741674596440525,0.0924071804773967,0.779193269218848,0.8086273853319724,1.0,0.06418330470683703,0.006943647730977968,0.0259426195412865,0.02594261954128672,0.17898382170721572,0.005808531338054344,0.003617155565339722,0.003617155565339722,0.0008190423829348723,0.0037537103992906695,0.01697097724493221,0.9730909358331723,0.8040674683013437,0.6969483329679728,0.824145496749325,0.007601656143457571,0.002830667854539012,0.0028777876456789774,0.0010750296776196272,0.0016746745620089423,0.0002021870143116437,0.8211659443225741,0.15724046313955525,0.6793977320273757,0.01358061527166972,0.002945307029621715,0.0013293887746663059,0.4373822479778084,0.9009215750122862,0.13024641605717094,0.09137781750290248,0.0902375711164183,0.17797385687006428,0.005615805975604997,0.030534197125598534,0.10339210066762682,0.0383335371783308,0.061095617191458805,0.001769963297807076
credit_score,0.004542642470988835,0.00026484473169887193,0.003962098697326706,0.3010988279987419,0.00140270308636043,0.10711556574752602,0.12693007470935747,0.4436755786282243,0.46260203835360614,0.0933721275977603,0.02930584563857478,0.462600466875796,0.34408233927743836,0.07152118070144009,0.004179991609001892,0.2358706202945903,0.24605584484298282,0.13673321619377554,0.30137751202981033,0.41792988568889733,0.15370393285661157,0.14565256339690605,0.06418330470683703,1.0,0.15541513640140542,0.184674729277376,0.18467472927737782,0.433191171162081,0.0396637820342215,0.003252187955721487,0.003252187955721487,0.033271398052124534,0.00284632698252556,0.18412726200834018,0.005290486897530535,0.0030795699461445346,0.19794574037732504,0.002068129189168649,0.0008610036850833211,0.0016518067954077486,0.0006681940613609901,0.0003415898543182562,0.0008241615203139038,0.0036758258894950104,0.14332840631196112,0.014705751278262867,0.24602457468293604,0.1457746148423384,0.0013524592963455216,0.003962098697129135,0.17763314961615875,0.12819130459578862,0.445418319638649,0.31422710708759993,0.11160590548397153,0.4338932924037162,0.0016968992290276388,0.05718080029201764,0.019435010563664482,0.021156010652718264,0.0012847366040663617,0.0038773837323719295
num_credit_accounts,0.0016530697059650098,0.001004900987940339,0.0005029298916323645,0.23223962429201486,0.001703390517105578,0.0827216977657564,0.013979281475706293,0.34223842505251445,0.059123559312341964,0.05387431601560253,0.020498541297531057,0.05912217978831999,0.043340577156222033,0.011929332597028108,0.0026752133967953787,0.03879993737389569,0.03954657532073378,0.021157751656292047,0.0375564086799246,0.05124069893038309,0.01700632887195265,0.02262405817066044,0.006943647730977968,0.15541513640140542,1.0,0.11513155856573026,0.11513155856573223,0.053418313622672214,0.00587876296762019,0.004679701998417984,0.004679701998417984,0.0049230189928211225,3.997806087437926e-05,0.648420951860726,0.0017412797424501748,0.0013333742695165942,0.03098158717004512,0.0009494801126488763,0.006855214015544553,0.004735605415786036,0.003774302519025012,0.0033136061568714483,0.003328159255645106,0.0002629192041623064,0.02258048232189888,0.0008323807576443833,0.03953762695522602,0.11286372777611765,0.0015935775174802389,0.000502929891543096,0.022421591031130797,0.016759191579248323,0.05517177613970688,0.0337457766612401,0.019255881608386524,0.053506976139664215,0.0039641159550082485,0.0022187117215076405,0.0009914270002877178,0.0069437060853895245,0.0017625849366511178,0.003921828803567814
oldest_credit_line_age,0.0038075183974895857,5.514295689346516e-05,0.001082392958653558,0.23095349717181757,0.0021330373795696257,0.08080503808252248,0.021748116232695004,0.3367692915407917,0.1285288317932556,0.1153214843528027,0.036709382844204226,0.12852723844241187,0.09286030251318068,0.005579195554247104,0.0023163518082527823,0.07472185752869143,0.07694193571604052,0.026434138559058327,0.08327927792038027,0.09798897344051674,0.05254311104927244,0.04846040274938831,0.0259426195412865,0.184674729277376,0.11513155856573026,1.0,0.9999999999999905,0.10868841994309164,0.009660349394355769,0.0018825302455887996,0.0018825302455887996,0.011278873689699109,0.0031234963470019627,0.574214650670273,0.006657892694942591,0.004891970342840112,0.04087597067050995,0.007502700840134038,0.0009497170632361765,0.0007251732811925305,0.0009935227513361105,0.0005846441336400623,5.690766279370035e-05,0.0019243145158169969,0.047738680771615666,0.0024637523501675565,0.07692046653120559,0.11368716787955574,0.0030301871753071314,0.0010823929587437824,0.05106181811668746,0.02252254087841812,0.12335913101807344,0.07642962056389499,0.02223553849602182,0.1081697936358541,0.0040662502260716904,0.014971791875085492,0.006294757412103433,0.002696500375772097,0.0020174276607084238,0.007253727983029156
oldest_account_age_months,0.0038075183974895814,5.51429568934977e-05,0.0010823929586535567,0.23095349717181968,0.002133037379569689,0.08080503808252328,0.02174811623269504,0.33676929154079555,0.12852883179325528,0.11532148435280246,0.03670938284420453,0.12852723844241187,0.09286030251318081,0.005579195554246742,0.0023163518082527676,0.07472185752869179,0.07694193571603995,0.026434138559058067,0.0832792779203798,0.09798897344051584,0.05254311104927265,0.04846040274938865,0.02594261954128672,0.18467472927737782,0.11513155856573223,0.9999999999999905,1.0,0.10868841994309285,0.009660349394355944,0.0018825302455887855,0.0018825302455887855,0.01127887368969896,0.0031234963470018937,0.57421465067027,0.006657892694942694,0.004891970342840256,0.040875970670509486,0.007502700840134275,0.0009497170632361852,0.0007251732811925125,0.0009935227513360636,0.0005846441336400982,5.6907662793714304e-05,0.0019243145158169429,0.04773868077161629,0.0024637523501675977,0.0769204665312069,0.11368716787955524,0.0030301871753072233,0.0010823929587438117,0.05106181811668702,0.02252254087841792,0.12335913101807396,0.07642962056389517,0.022235538496021494,0.10816979363585619,0.004066250226071601,0.014971791875085443,0.006294757412103452,0.0026965003757722867,0.0020174276607082954,0.007253727983029182
total_credit_limit,0.005663765423694907,0.0019508223687572613,0.0028883738014335307,0.10965136129860598,0.0005597103690420559,0.04147293860728836,0.09647821902549308,0.1619734743352191,0.7991920187166397,0.05525120500946276,0.015040358686064756,0.7991919235336633,0.5874960271300954,0.0350046877156413,0.0005142754179092459,0.27157249293425345,0.282112719592949,0.06224112530720732,0.7918010922303541,0.8863972675851607,0.33265885692455643,0.19873488686766,0.17898382170721572,0.433191171162081,0.053418313622672214,0.10868841994309164,0.10868841994309285,1.0,0.01688619958455135,0.002225980493835959,0.002225980493835959,0.011274274942872075,0.0021214079513589565,0.08605800740207932,0.004762108959227336,0.0010735334224420694,0.08961250187804846,0.001724171674485988,0.002990876340756086,0.00500275563823312,0.005544448783068076,0.00774125772525622,0.008089596755724238,0.0017885247754729785,0.16218055396251793,0.32985871713761944,0.2820792756125159,0.05077021602650022,0.000357828207025653,0.002888373801318456,0.24733194987304055,0.26572361079032397,0.767466464507996,0.5574162388401296,0.05141073088288244,0.9981189070153105,0.002031599381967124,0.12815288970455707,0.040498254672469515,0.042005212233063347,0.0008569919233049383,0.0020194014397104227
num_delinquencies_2yrs,0.0010700514492559849,0.007362623023045352,0.007031345285409614,0.012187235972828211,0.0015732409807911593,0.004301490066742193,0.003008958375004541,0.01857548509069678,0.016865852831455374,0.004208312891518617,1.0897825841832459e-05,0.01686579159512078,0.012841622013121591,0.00017711689572042088,0.001275221728075657,0.007694025760465532,0.008347247571619747,0.003068564447736279,0.012834342759585022,0.015738336881688474,0.008030874625315449,0.004371461742927691,0.005808531338054344,0.0396637820342215,0.00587876296762019,0.009660349394355769,0.009660349394355944,0.01688619958455135,1.0,0.002667519431655877,0.002667519431655877,0.004327553621494134,0.044750142528242956,0.006910038349260903,0.0030198838035219128,3.378485463538756e-05,0.008561653581097096,0.0021955911378422925,0.001562649432121448,0.0009480458099823137,0.0005844282913560566,0.0016630982020856924,0.001512453536718231,0.0020568131298745883,0.00420332288850105,0.001965373183119644,0.008339050769389367,0.00793732126005471,0.001824954164696725,0.007031345285386993,0.0010019452560672982,0.001756966656883123,0.015490285998648367,0.010516951397837336,0.0014561017187724045,0.017097255889604035,0.007066365018405033,0.0007119416690525486,0.00983648335993842,0.0022654266842274343,0.0027433924725389896,0.004477885594661545
num_inquiries_6mo,0.007345872719087333,0.0002591058257750063,0.0015778599658583265,0.00416556661753422,0.0017610151563530164,0.0029346941989410965,0.007996823533205346,0.005510396393253915,0.0008932967861071355,0.003078382901241493,0.00367763731558617,0.0008931388818474068,0.0036332875581847842,0.003830519469656179,0.0033005088373582138,0.003314706159356858,0.0025296944916820586,0.002661898015974415,0.0013466509914642503,0.0023088062353857756,0.0053195181056741,0.002567578496055959,0.003617155565339722,0.003252187955721487,0.004679701998417984,0.0018825302455887996,0.0018825302455887855,0.002225980493835959,0.002667519431655877,1.0,1.0,0.005846114840078208,0.0034357972475802527,0.003239030242002272,0.0040321605006567295,0.0024722045411097824,0.0012971527911398236,0.0019129330967284353,0.0017695205881365157,0.0021610656477185244,0.0003359933355122537,0.001101834500334031,0.002193952126421107,0.0007885412390722506,0.0027250316687780717,0.0013836930370530744,0.002529471409756084,0.0043698429128506576,0.004507268686160856,0.0015778599658629246,0.004375608277662354,0.004526241096545664,0.0014257083669766653,0.0041341331525365475,0.004264924866921309,0.0022345964642248688,0.00025610423818246767,0.009129456836386104,0.0023451756523541877,0.0022323245011227886,0.000766639424142266,0.007666027075419216
